0,444
0,443
0,442
0,441
0,440
51,7
51,6
51,5
0,439
0,438
0,437
0,436
0,435
0,434
0,433
0,432
0,431
0,430
0,429
0,428
0,427
0,426
0,425
0,424
0,423
0,422
0,421
0,420
0,419
0,418
51,4
51,3
51,2
51,1
51,0
50,5
50,4
50,3
50,2
50,1
50,0
49,4
49,3
49,2
49,1
49,0
48,4
48,3
48,2
48,1
48,0
47,4
47,3
47,2
47,1
47,0
0,278
46,5
46,4
46,3
46,2
0,9
46,1
46,0
45,52
45,51
45,50
45,49
45,48
45,47
45,46
45,45
45,44
45,43
45,42
45,41
45,40
45,39
45,38
45,37
45,36
45,35
0,273
0,270
3,2
10,211
10,251
10,189
10,109
10,205
10,209
10,285
10,73
10,2
11,23
11,14
11,8
11,24
